47222
10832
48693
43383
47715
24072
43949
4146
8598
65464
1210
34317
1982
22200
34860
15896
35897
38831
4998
56751
62104
34485
60729
39528
41155
49661
3510
58620
40812
3860
34689
41302
24956
53725
45210
13138
56104
7116
62426
22351
58551
10246
42631
45967
43253
18034
2297
52740
26920
6153
53118
65441
14591
752
32319
42190
55918
8302
18196
6317
33764
53969
26068
36983
57600
10553
38523
9164
57247
15332
52086
53343
1523
32989
53406
4510
58375
34653
52391
22907
18537
39861
19896
56636
56888
7861
43551
27082
49031
11919
23250
23874
58255
62431
42419
10520
35134
6378
30986
30716
19971
49838
64278
63041
21347
47071
47004
59888
3324
8558
58656
582
16825
42721
19198
46156
48895
18191
27785
58595
53517
42967
49825
46842
63959
9581
45109
59519
40050
26664
9742
61525
32760
63112
29325
58782
38719
7364
53626
23248
25426
41923
64128
43059
25453
31563
8468
26366
16100
32373
49694
889
59745
27340
55702
40653
49573
39265
65524
60202
15177
58062
50152
5355
48797
45797
54166
9029
7069
54156
8409
57761
55124
2046
49402
22971
13165
40617
28987
5275
40672
39003
12698
51111
8829
39861
36333
12649
50491
23593
58744
51700
6242
24652
12958
33456
29614
44124
39291
15251
37672
1969
60744
20062
33909
42639
43976
48544
13613
33313
56257
15185
43253
42432
12804
33826
24877
2122
49117
1847
58131
399
51365
45107
28871
11162
47592
442
61335
9662
24004
47824
59103
41047
26770
40992
24745
48141
23823
62870
62632
51898
17546
58094
12481
4808
60877
45343
1356
19562
52568
13662
34738
8843
26398
10973
51556
19497
33846
58502
17556
38435
47580
65174
26822
62851
49414
19097
41152
65413
21196
31197
5724
47819
9368
20651
59682
62790
58116
55858
16124
14282
51932
63426
56456
11282
36788
12455
61828
12246
26303
12340
46789
49151
17855
24621
60330
1607
8386
25760
20927
51658
20672
28136
60478
15474
26772
50149
3780
3156
57468
9522
35038
62631
59705
33798
27591
65259
56016
58154
51784
13786
30340
3537
16718
47412
13215
14321
16338
45048
6652
16296
42811
19914
1877
60925
4028
3330
23645
48100
26566
61665
57333
61977
51027
28537
34909
34195
47422
57472
57306
35074
21286
39614
60002
1169
45164
25637
2198
14773
38082
26206
77
59467
32434
25057
30604
54745
32943
35189
9102
18077
6220
63302
15687
5098
36012
32677
30494
49810
20530
15536
26534
16629
31580
17740
51732
32023
53393
55747
62023
43553
16364
60647
44792
4040
38888
23077
37861
32848
51548
39905
16136
55409
52253
16852
51855
8844
621
20784
57346
27127
50743
47265
7131
60941
14449
62593
59972
3510
12928
17574
14734
60694
26738
37082
15419
56963
570
29631
40522
65519
42857
18920
40829
11505
46397
33898
16722
26035
63362
36718
25356
35451
13071
5778
13153
56514
25003
20096
46480
4015
1124
44313
21032
60690
6106
25734
6544
12173
16129
20793
49914
20639
47577
25642
50428
45219
57219
63751
37038
55485
37755
53430
56453
12962
40318
27309
39879
41241
53384
20611
17047
64888
32746
13873
1885
56208
12234
64374
8446
46366
39142
2002
28784
584
46086
54966
27510
62397
22843
1368
34946
51098
11972
49940
22722
47550
56616
8408
8110
44482
17980
40908
14082
6651
27997
19417
17836
51815
50373
10148
3935
34336
12348
15822
60496
56430
38299
6785
17485
42476
45239
4429
24979
33958
53219
39419
46325
45550
29032
21386
2615
9281
38440
15259
63374
57561
15297
16875
367
40499
24031
14249
60334
38057
15454
55753
42317
64219
26511
18383
15580
39703
18158
3757
41664
46992
52651
15608
27890
801
52525
62362
51046
24076
38229
4123
42261
49069
11751
58429
47758
55730
39293
13808
56139
36227
518
49929
49689
58169
65051
18863
53759
22812
63254
12706
58145
50494
5759
46944
5627
44825
38866
16658
401
44716
20206
59991
26265
38987
7310
30644
7457
49701
46859
43239
58186
41128
65190
13009
27979
5052
16313
45670
61602
44695
37693
23121
59705
53416
40067
26886
1672
48749
25337
5377
48075
57059
64954
19755
32848
35846
19834
44119
16159
23736
34231
21554
5821
45770
51397
5809
24136
35514
28955
45283
58181
53920
46563
44903
42780
54466
26335
30701
43797
54922
21860
31820
59720
57547
19092
42806
47018
36845
57230
98
64260
50396
14381
31455
45562
30674
9559
985
7984
51031
1574
42802
52362
36241
26770
59826
37788
22358
51184
759
2023
63669
19152
9092
460
15607
20457
27086
33884
18963
19428
5204
59264
23472
40270
8849
41705
63075
53785
15212
36806
49953
30701
57838
11967
60101
8062
53417
57456
13551
14474
38298
59354
59917
59598
5043
4885
47256
57903
33006
36462
47053
31723
28677
27676
20575
15850
55228
65099
62554
34024
16336
9565
25780
40871
61616
102
62297
35351
26631
3422
1458
22570
23696
14376
50318
10398
16430
53060
46237
40288
44075
63808
7410
62591
14518
29416
388
57215
29391
57864
52305
40989
31489
26556
60252
5807
8069
52672
61939
47274
20058
22632
39750
37432
39818
4407
12564
54794
25965
6211
50647
14196
14503
64407
48165
38402
22564
14113
46986
60396
24168
17523
11299
7142
30180
11023
54197
7032
37215
26455
49024
5879
52369
35571
6068
59453
58338
60509
51800
33595
47318
34870
1561
38874
39935
17571
55310
29050
38041
45279
14352
15921
56969
12443
15469
9377
8344
1739
46416
31629
31620
40328
39156
48076
5782
41972
7497
24860
35916
34481
10488
29081
59797
30434
40538
13299
28735
44560
32160
12963
6654
7612
45641
54307
55494
61326
45324
60983
43974
35228
39253
645
515
35084
65044
36255
15575
57110
38776
40269
59786
61646
6261
61348
62055
64533
2519
12429
20695
47882
38750
40724
62448
9858
33889
58668
40314
40618
17061
15475
29431
43599
18976
60928
13608
57477
6447
48169
20193
39143
40125
4121
51228
19363
30008
43978
15475
28434
37431
51291
6279
25673
51607
43598
63692
8653
23004
56834
12791
45792
4389
8285
30691
62905
7146
59043
45030
56069
12261
3838
12009
36867
59772
24017
42738
45626
13201
31811
37657
58107
33965
30576
88
45338
38827
40669
42440
62400
8953
49504
39865
59652
28481
27287
61125
63907
44645
65039
22356
8088
40167
35112
38502
825
29672
24329
13089
53378
4025
7152
26819
8251
40980
27576
8070
40301
21071
56434
27646
2725
25877
